time	V(vcc)	V(vin)
0.000000000000000e+000	9.000000e+000	0.000000e+000
9.999999717180685e-010	9.000000e+000	3.141593e-007
1.999999943436137e-009	9.000000e+000	6.283185e-007
9.912661229806624e-008	9.000000e+000	3.114204e-005
1.962532246526964e-007	9.000000e+000	6.165462e-005
2.933798370073265e-007	9.000000e+000	9.216606e-005
3.905064493619566e-007	9.000000e+000	1.226764e-004
4.876330617165867e-007	9.000000e+000	1.531855e-004
5.847596740712168e-007	9.000000e+000	1.836936e-004
6.818862864258467e-007	9.000000e+000	2.142004e-004
1.594535972487366e-006	9.000000e+000	5.006395e-004
2.731158176662992e-006	9.000000e+000	8.564160e-004
4.789958722684502e-006	9.000000e+000	1.495559e-003
8.907559814727524e-006	9.000000e+000	2.745678e-003
1.445187607126211e-005	9.000000e+000	4.348012e-003
2.067877635157238e-005	9.000000e+000	5.984869e-003
2.754543489676031e-005	9.000000e+000	7.510686e-003
3.546442290333864e-005	9.000000e+000	8.867884e-003
4.167340453925602e-005	9.000000e+000	9.614483e-003
4.477035619118668e-005	9.000000e+000	9.838160e-003
4.837612564079143e-005	9.000000e+000	9.951307e-003
5.239599347609322e-005	9.000000e+000	9.927221e-003
5.690001935361854e-005	9.000000e+000	9.687501e-003
6.420155596961432e-005	9.000000e+000	8.837779e-003
7.583155883926508e-005	9.000000e+000	6.651289e-003
8.778816208650951e-005	9.000000e+000	3.632915e-003
9.724764242195430e-005	9.000000e+000	8.445853e-004
1.060038729194951e-004	9.000000e+000	-1.839699e-003
1.147704217656222e-004	9.000000e+000	-4.388887e-003
1.237398584077033e-004	9.000000e+000	-6.656868e-003
1.324017296324711e-004	9.000000e+000	-8.394435e-003
1.388911898824132e-004	9.000000e+000	-9.340766e-003
1.426887957116673e-004	9.000000e+000	-9.708688e-003
1.458410202920860e-004	9.000000e+000	-9.890436e-003
1.489982675420821e-004	9.000000e+000	-9.966812e-003
1.526275707210006e-004	9.000000e+000	-9.924556e-003
1.572766477762170e-004	9.000000e+000	-9.656572e-003
1.648089823982646e-004	9.000000e+000	-8.744669e-003
1.767816910316812e-004	9.000000e+000	-6.439868e-003
1.882489909228456e-004	9.000000e+000	-3.507954e-003
1.976549060920375e-004	9.000000e+000	-7.198403e-004
2.064025898683349e-004	9.000000e+000	1.960361e-003
2.151584550844644e-004	9.000000e+000	4.495868e-003
2.241015292051125e-004	9.000000e+000	6.738812e-003
2.327531926011519e-004	9.000000e+000	8.455323e-003
2.390215394737924e-004	9.000000e+000	9.356958e-003
2.427856634997905e-004	9.000000e+000	9.715586e-003
2.459615003807238e-004	9.000000e+000	9.895832e-003
2.490251424177645e-004	9.000000e+000	9.968037e-003
2.526375677530957e-004	9.000000e+000	9.924435e-003
2.572929046587692e-004	9.000000e+000	9.655204e-003
2.648351874495205e-004	9.000000e+000	8.740580e-003
2.768226081624249e-004	9.000000e+000	6.430632e-003
2.882694065941665e-004	9.000000e+000	3.502436e-003
2.976655813234538e-004	9.000000e+000	7.165981e-004
3.064057342084798e-004	9.000000e+000	-1.961375e-003
3.151540402861088e-004	9.000000e+000	-4.494728e-003
3.240965225426958e-004	9.000000e+000	-6.737178e-003
3.327799416613788e-004	9.000000e+000	-8.460596e-003
3.389739431520351e-004	9.000000e+000	-9.352371e-003
3.427502848037048e-004	9.000000e+000	-9.713077e-003
3.459175009197845e-004	9.000000e+000	-9.893877e-003
3.490153261367431e-004	9.000000e+000	-9.967592e-003
3.526339163018123e-004	9.000000e+000	-9.924480e-003
3.572869667938907e-004	9.000000e+000	-9.655704e-003
3.648256161296554e-004	9.000000e+000	-8.742074e-003
3.768076640032673e-004	9.000000e+000	-6.434006e-003
3.882619449511229e-004	9.000000e+000	-3.504422e-003
3.976655822440975e-004	9.000000e+000	-7.165712e-004
4.064122432659414e-004	9.000000e+000	1.963286e-003
4.151670361825757e-004	9.000000e+000	4.498232e-003
4.241095890511518e-004	9.000000e+000	6.740626e-003
4.327611110488214e-004	9.000000e+000	8.456726e-003
4.390221517466480e-004	9.000000e+000	9.357085e-003
4.427861186667637e-004	9.000000e+000	9.715618e-003
4.459620664357493e-004	9.000000e+000	9.895857e-003
4.490252687167365e-004	9.000000e+000	9.968042e-003
4.526376147332917e-004	9.000000e+000	9.924435e-003
4.572929810562111e-004	9.000000e+000	9.655197e-003
4.648353105944986e-004	9.000000e+000	8.740561e-003
4.768228004292710e-004	9.000000e+000	6.430588e-003
4.882695026324575e-004	9.000000e+000	3.502404e-003
4.976662895938483e-004	9.000000e+000	7.163786e-004
5.064070402463497e-004	9.000000e+000	-1.961764e-003
5.151559386342705e-004	9.000000e+000	-4.495243e-003
5.240984046232607e-004	9.000000e+000	-6.737613e-003
5.327810595415465e-004	9.000000e+000	-8.460793e-003
5.389745512722942e-004	9.000000e+000	-9.352442e-003
5.427507367657562e-004	9.000000e+000	-9.713109e-003
5.459180630341798e-004	9.000000e+000	-9.893902e-003
5.490154515329596e-004	9.000000e+000	-9.967597e-003
5.526339629469525e-004	9.000000e+000	-9.924479e-003
5.572870426467555e-004	9.000000e+000	-9.655697e-003
5.648257383988485e-004	9.000000e+000	-8.742055e-003
5.768078549131242e-004	9.000000e+000	-6.433963e-003
5.882620402348194e-004	9.000000e+000	-3.504400e-003
5.976650400846068e-004	9.000000e+000	-7.167399e-004
6.064110963738798e-004	9.000000e+000	1.962944e-003
6.151652892215713e-004	9.000000e+000	4.497759e-003
6.241078676299066e-004	9.000000e+000	6.740240e-003
6.327593558672461e-004	9.000000e+000	8.456435e-003
6.390210143938773e-004	9.000000e+000	9.356956e-003
6.427852731537374e-004	9.000000e+000	9.715558e-003
6.459610149378660e-004	9.000000e+000	9.895811e-003
6.490250341053376e-004	9.000000e+000	9.968032e-003
6.526375274634566e-004	9.000000e+000	9.924436e-003
6.572928391412583e-004	9.000000e+000	9.655209e-003
6.648350818418742e-004	9.000000e+000	8.740596e-003
6.768224432765920e-004	9.000000e+000	6.430669e-003
6.882693242336248e-004	9.000000e+000	3.502448e-003
6.976667658007592e-004	9.000000e+000	7.162300e-004
7.064081302729616e-004	9.000000e+000	-1.962088e-003
7.151576381193054e-004	9.000000e+000	-4.495704e-003
7.241000723982967e-004	9.000000e+000	-6.737999e-003
7.327819410205405e-004	9.000000e+000	-8.460949e-003
7.389751173528557e-004	9.000000e+000	-9.352506e-003
7.427511574847712e-004	9.000000e+000	-9.713138e-003
7.459185862904567e-004	9.000000e+000	-9.893926e-003
7.490155682609894e-004	9.000000e+000	-9.967603e-003
7.526340063676744e-004	9.000000e+000	-9.924479e-003
7.572871132561692e-004	9.000000e+000	-9.655692e-003
7.648258522159640e-004	9.000000e+000	-8.742037e-003
7.768080326258752e-004	9.000000e+000	-6.433923e-003
7.882621289326825e-004	9.000000e+000	-3.504381e-003
7.976644846735564e-004	9.000000e+000	-7.169127e-004
8.064099292180520e-004	9.000000e+000	1.962597e-003
8.151635150732590e-004	9.000000e+000	4.497278e-003
8.241061321367212e-004	9.000000e+000	6.739852e-003
8.327575866038526e-004	9.000000e+000	8.456141e-003
8.390198839982290e-004	9.000000e+000	9.356827e-003
8.427844328178756e-004	9.000000e+000	9.715499e-003
8.459599698764214e-004	9.000000e+000	9.895765e-003
8.490248009311079e-004	9.000000e+000	9.968021e-003
8.526374407281811e-004	9.000000e+000	9.924437e-003
8.572926980955739e-004	9.000000e+000	9.655221e-003
8.648348544903337e-004	9.000000e+000	8.740632e-003
8.768220883109727e-004	9.000000e+000	6.430749e-003
8.882691469306343e-004	9.000000e+000	3.502491e-003
8.976672507343251e-004	9.000000e+000	7.160787e-004
9.064092364619965e-004	9.000000e+000	-1.962417e-003
9.151593611350309e-004	9.000000e+000	-4.496171e-003
9.241017601056446e-004	9.000000e+000	-6.738390e-003
9.327828837283567e-004	9.000000e+000	-8.461115e-003
9.389756980368933e-004	9.000000e+000	-9.352573e-003
9.427515890586524e-004	9.000000e+000	-9.713169e-003
9.459191230466185e-004	9.000000e+000	-9.893949e-003
9.490156880008386e-004	9.000000e+000	-9.967608e-003
9.526340509087301e-004	9.000000e+000	-9.924478e-003
9.572871856874315e-004	9.000000e+000	-9.655686e-003
9.648259689697405e-004	9.000000e+000	-8.742019e-003
9.768082149237761e-004	9.000000e+000	-6.433882e-003
9.882622199199158e-004	9.000000e+000	-3.504361e-003
9.976639228228739e-004	9.000000e+000	-7.170875e-004
1.006408747425140e-003	9.000000e+000	1.962245e-003
1.015161718149268e-003	9.000000e+000	4.496790e-003
1.024104373582940e-003	9.000000e+000	6.739458e-003
1.032755800541388e-003	9.000000e+000	8.455843e-003
1.039018771364241e-003	9.000000e+000	9.356700e-003
1.042783605691100e-003	9.000000e+000	9.715441e-003
1.045958941240167e-003	9.000000e+000	9.895720e-003
1.049024571422703e-003	9.000000e+000	9.968011e-003
1.052637355356474e-003	9.000000e+000	9.924438e-003
1.057292559267261e-003	9.000000e+000	9.655233e-003
1.064834630712887e-003	9.000000e+000	8.740667e-003
1.076821738925165e-003	9.000000e+000	6.430828e-003
1.088268972418030e-003	9.000000e+000	3.502534e-003
1.097667746726720e-003	9.000000e+000	7.159241e-004
1.106410361911628e-003	9.000000e+000	-1.962752e-003
1.115161111531593e-003	9.000000e+000	-4.496646e-003
1.124103475788210e-003	9.000000e+000	-6.738786e-003
1.132783897548263e-003	9.000000e+000	-8.461293e-003
1.138976297096956e-003	9.000000e+000	-9.352642e-003
1.142752034291338e-003	9.000000e+000	-9.713201e-003
1.145919676789928e-003	9.000000e+000	-9.893974e-003
1.149015811530471e-003	9.000000e+000	-9.967613e-003
1.152634096859507e-003	9.000000e+000	-9.924477e-003
1.157287260411135e-003	9.000000e+000	-9.655680e-003
1.164826089418736e-003	9.000000e+000	-8.742000e-003
1.176808402991220e-003	9.000000e+000	-6.433839e-003
1.188262313787740e-003	9.000000e+000	-3.504341e-003
1.197663354208879e-003	9.000000e+000	-7.172644e-004
1.206407549844247e-003	9.000000e+000	1.961889e-003
1.215159896475801e-003	9.000000e+000	4.496295e-003
1.224102590011139e-003	9.000000e+000	6.739059e-003
1.232753989541972e-003	9.000000e+000	8.455541e-003
1.239017669035883e-003	9.000000e+000	9.356574e-003
1.242782786230444e-003	9.000000e+000	9.715382e-003
1.245957922135799e-003	9.000000e+000	9.895674e-003
1.249024344042055e-003	9.000000e+000	9.968000e-003
1.252637270776210e-003	9.000000e+000	9.924440e-003
1.257292421725953e-003	9.000000e+000	9.655245e-003
1.264834409009879e-003	9.000000e+000	8.740702e-003
1.276821392777759e-003	9.000000e+000	6.430906e-003
1.288268799526193e-003	9.000000e+000	3.502576e-003
1.297668253626141e-003	9.000000e+000	7.157661e-004
1.306411507343886e-003	9.000000e+000	-1.963092e-003
1.315162890902761e-003	9.000000e+000	-4.497128e-003
1.324105219954167e-003	9.000000e+000	-6.739188e-003
1.332784985249286e-003	9.000000e+000	-8.461483e-003
1.338976918276208e-003	9.000000e+000	-9.352715e-003
1.342752495964965e-003	9.000000e+000	-9.713233e-003
1.345920250980521e-003	9.000000e+000	-9.893999e-003
1.349015939621806e-003	9.000000e+000	-9.967620e-003
1.352634144507145e-003	9.000000e+000	-9.924477e-003
1.357287337894216e-003	9.000000e+000	-9.655673e-003
1.364826214315615e-003	9.000000e+000	-8.741980e-003
1.376808598003392e-003	9.000000e+000	-6.433795e-003
1.388262411122806e-003	9.000000e+000	-3.504320e-003
1.397662778447303e-003	9.000000e+000	-7.174436e-004
1.406406335209535e-003	9.000000e+000	1.961527e-003
1.415158047910237e-003	9.000000e+000	4.495794e-003
1.424100780073230e-003	9.000000e+000	6.738653e-003
1.432752151388230e-003	9.000000e+000	8.455234e-003
1.439016575084905e-003	9.000000e+000	9.356447e-003
1.442781973002337e-003	9.000000e+000	9.715324e-003
1.445956910780537e-003	9.000000e+000	9.895629e-003
1.449024118391367e-003	9.000000e+000	9.967990e-003
1.452637186839419e-003	9.000000e+000	9.924440e-003
1.457292285231026e-003	9.000000e+000	9.655256e-003
1.464834188993452e-003	9.000000e+000	8.740736e-003
1.476821049263199e-003	9.000000e+000	6.430984e-003
1.488268627952579e-003	9.000000e+000	3.502617e-003
1.497668772082171e-003	9.000000e+000	7.156045e-004
1.506412674297018e-003	9.000000e+000	-1.963439e-003
1.515164701669345e-003	9.000000e+000	-4.497619e-003
1.524106994697516e-003	9.000000e+000	-6.739596e-003
1.532786149543717e-003	9.000000e+000	-8.461686e-003
1.538977562881436e-003	9.000000e+000	-9.352789e-003
1.542752975050941e-003	9.000000e+000	-9.713268e-003
1.545920846826481e-003	9.000000e+000	-9.894026e-003
1.549016072544380e-003	9.000000e+000	-9.967625e-003
1.552634193951905e-003	9.000000e+000	-9.924477e-003
1.557287418299716e-003	9.000000e+000	-9.655666e-003
1.564826343923184e-003	9.000000e+000	-8.741961e-003
1.576808800370622e-003	9.000000e+000	-6.433750e-003
1.588262512130039e-003	9.000000e+000	-3.504298e-003
1.597662194778745e-003	9.000000e+000	-7.176251e-004
1.606405101851927e-003	9.000000e+000	1.961160e-003
1.615156169880559e-003	9.000000e+000	4.495285e-003
1.624098941328313e-003	9.000000e+000	6.738241e-003
1.632750283964432e-003	9.000000e+000	8.454922e-003
1.639015488979195e-003	9.000000e+000	9.356323e-003
1.642781165611109e-003	9.000000e+000	9.715267e-003
1.645955906682354e-003	9.000000e+000	9.895585e-003
1.649023894360836e-003	9.000000e+000	9.967980e-003
1.652637103505259e-003	9.000000e+000	9.924441e-003
1.657292149716063e-003	9.000000e+000	9.655267e-003
1.664833970556546e-003	9.000000e+000	8.740770e-003
1.676820708214343e-003	9.000000e+000	6.431060e-003
1.688268457613637e-003	9.000000e+000	3.502658e-003
1.697669302970804e-003	9.000000e+000	7.154390e-004
1.706413864562531e-003	9.000000e+000	-1.963793e-003
1.715166546531046e-003	9.000000e+000	-4.498119e-003
1.724108802580412e-003	9.000000e+000	-6.740010e-003
1.732787393524436e-003	9.000000e+000	-8.461902e-003
1.738978231946882e-003	9.000000e+000	-9.352868e-003
1.742753472318125e-003	9.000000e+000	-9.713303e-003
1.745921465283981e-003	9.000000e+000	-9.894054e-003
1.749016210511534e-003	9.000000e+000	-9.967632e-003
1.752634245273145e-003	9.000000e+000	-9.924475e-003
1.757287501756684e-003	9.000000e+000	-9.655658e-003
1.764826478449457e-003	9.000000e+000	-8.741939e-003
1.776809010417682e-003	9.000000e+000	-6.433702e-003
1.788262616971654e-003	9.000000e+000	-3.504274e-003
1.797661602369744e-003	9.000000e+000	-7.178095e-004
1.806403847994239e-003	9.000000e+000	1.960787e-003
1.815154259673083e-003	9.000000e+000	4.494767e-003
1.824097071072843e-003	9.000000e+000	6.737822e-003
1.832748384506364e-003	9.000000e+000	8.454602e-003
1.839014409907375e-003	9.000000e+000	9.356198e-003
1.842780363453497e-003	9.000000e+000	9.715211e-003
1.845954909091050e-003	9.000000e+000	9.895541e-003
1.849023671783060e-003	9.000000e+000	9.967971e-003
1.852637020711460e-003	9.000000e+000	9.924443e-003
1.857292015079804e-003	9.000000e+000	9.655279e-003
1.864833753535944e-003	9.000000e+000	8.740804e-003
1.876820369376364e-003	9.000000e+000	6.431137e-003
1.888268288382026e-003	9.000000e+000	3.502699e-003
1.897669847168398e-003	9.000000e+000	7.152694e-004
1.906415079970810e-003	9.000000e+000	-1.964155e-003
1.915168428264840e-003	9.000000e+000	-4.498629e-003
1.924110646527761e-003	9.000000e+000	-6.740432e-003
1.932788720767693e-003	9.000000e+000	-8.462131e-003
1.938978926874391e-003	9.000000e+000	-9.352949e-003
1.942753988808614e-003	9.000000e+000	-9.713340e-003
1.945922107649010e-003	9.000000e+000	-9.894082e-003
1.949016353812421e-003	9.000000e+000	-9.967638e-003
1.952634298578423e-003	9.000000e+000	-9.924475e-003
1.957287588440027e-003	9.000000e+000	-9.655652e-003
1.964826618176368e-003	9.000000e+000	-8.741918e-003
1.976809228584761e-003	9.000000e+000	-6.433653e-003
1.988262725867508e-003	9.000000e+000	-3.504250e-003
1.997661000400716e-003	9.000000e+000	-7.179969e-004
2.006402571836200e-003	9.000000e+000	1.960408e-003
2.015152314514116e-003	9.000000e+000	4.494239e-003
2.024095166597932e-003	9.000000e+000	6.737396e-003
2.032746450258517e-003	9.000000e+000	8.454278e-003
2.039013336932682e-003	9.000000e+000	9.356073e-003
2.042779565833045e-003	9.000000e+000	9.715155e-003
2.045953917140522e-003	9.000000e+000	9.895497e-003
2.049023450464779e-003	9.000000e+000	9.967960e-003
2.052636938386134e-003	9.000000e+000	9.924443e-003
2.057291881205348e-003	9.000000e+000	9.655290e-003
2.064833537743214e-003	9.000000e+000	8.740838e-003
2.076820032455069e-003	9.000000e+000	6.431213e-003
2.088268120110765e-003	9.000000e+000	3.502739e-003
2.097670405569969e-003	9.000000e+000	7.150954e-004
2.106416322405898e-003	9.000000e+000	-1.964524e-003
2.115170349736153e-003	9.000000e+000	-4.499150e-003
2.124112529180065e-003	9.000000e+000	-6.740862e-003
2.132790134698711e-003	9.000000e+000	-8.462376e-003
2.138979648994901e-003	9.000000e+000	-9.353034e-003
2.142754525511824e-003	9.000000e+000	-9.713378e-003
2.145922775152028e-003	9.000000e+000	-9.894112e-003
2.149016502721581e-003	9.000000e+000	-9.967645e-003
2.152634353969862e-003	9.000000e+000	-9.924474e-003
2.157287678515814e-003	9.000000e+000	-9.655644e-003
2.164826763371603e-003	9.000000e+000	-8.741895e-003
2.176809455289799e-003	9.000000e+000	-6.433602e-003
2.188262839026350e-003	9.000000e+000	-3.504225e-003
2.197660388000192e-003	9.000000e+000	-7.181875e-004
2.206401271485394e-003	9.000000e+000	1.960021e-003
2.215150331497952e-003	9.000000e+000	4.493701e-003
2.224093225077158e-003	9.000000e+000	6.736960e-003
2.232744478403962e-003	9.000000e+000	8.453947e-003
2.239012269197877e-003	9.000000e+000	9.355948e-003
2.242778772112434e-003	9.000000e+000	9.715098e-003
2.245952930038204e-003	9.000000e+000	9.895453e-003
2.249023230229145e-003	9.000000e+000	9.967950e-003
2.252636856463499e-003	9.000000e+000	9.924444e-003
2.257291747985723e-003	9.000000e+000	9.655301e-003
2.264833323005928e-003	9.000000e+000	8.740871e-003
2.276819697181248e-003	9.000000e+000	6.431289e-003
2.288267952665343e-003	9.000000e+000	3.502779e-003
2.297670979123998e-003	9.000000e+000	7.149167e-004
2.306417593845853e-003	9.000000e+000	-1.964902e-003
2.315172313944583e-003	9.000000e+000	-4.499683e-003
2.324114453519672e-003	9.000000e+000	-6.741300e-003
2.332791639153444e-003	9.000000e+000	-8.462635e-003
2.338980399820375e-003	9.000000e+000	-9.353123e-003
2.342755083551742e-003	9.000000e+000	-9.713418e-003
2.345923469190856e-003	9.000000e+000	-9.894143e-003
2.349016657550895e-003	9.000000e+000	-9.967652e-003
2.352634411563472e-003	9.000000e+000	-9.924474e-003
2.357287772172697e-003	9.000000e+000	-9.655637e-003
2.364826914339249e-003	9.000000e+000	-8.741871e-003
2.376809691007569e-003	9.000000e+000	-6.433548e-003
2.388262956685330e-003	9.000000e+000	-3.504199e-003
2.397659764279300e-003	9.000000e+000	-7.183816e-004
2.406399944990410e-003	9.000000e+000	1.959626e-003
2.415148307618532e-003	9.000000e+000	4.493152e-003
2.424091243491312e-003	9.000000e+000	6.736516e-003
2.432742465815382e-003	9.000000e+000	8.453608e-003
2.439011205694483e-003	9.000000e+000	9.355824e-003
2.442777981541930e-003	9.000000e+000	9.715042e-003
2.445951946851720e-003	9.000000e+000	9.895409e-003
2.449023010868117e-003	9.000000e+000	9.967941e-003
2.452636774866168e-003	9.000000e+000	9.924445e-003
2.457291615295084e-003	9.000000e+000	9.655313e-003
2.464833109121239e-003	9.000000e+000	8.740904e-003
2.476819363238199e-003	9.000000e+000	6.431364e-003
2.488267785887548e-003	9.000000e+000	3.502819e-003
2.497671568800205e-003	9.000000e+000	7.147329e-004
2.506418896331025e-003	9.000000e+000	-1.965289e-003
2.515174323992825e-003	9.000000e+000	-4.500228e-003
2.524116422596729e-003	9.000000e+000	-6.741748e-003
2.532793238046967e-003	9.000000e+000	-8.462910e-003
2.538981180845225e-003	9.000000e+000	-9.353215e-003
2.542755664039338e-003	9.000000e+000	-9.713459e-003
2.545924191147114e-003	9.000000e+000	-9.894175e-003
2.549016818608632e-003	9.000000e+000	-9.967660e-003
2.552634471473925e-003	9.000000e+000	-9.924473e-003
2.557287869597148e-003	9.000000e+000	-9.655627e-003
2.564827071379885e-003	9.000000e+000	-8.741847e-003
2.576809936207366e-003	9.000000e+000	-6.433493e-003
2.588263079078868e-003	9.000000e+000	-3.504172e-003
2.597659128302593e-003	9.000000e+000	-7.185796e-004
2.606398590310804e-003	9.000000e+000	1.959223e-003
2.615146239738653e-003	9.000000e+000	4.492591e-003
2.624089218815830e-003	9.000000e+000	6.736063e-003
2.632740409479827e-003	9.000000e+000	8.453260e-003
2.639010145496216e-003	9.000000e+000	9.355700e-003
2.642777193432919e-003	9.000000e+000	9.714986e-003
2.645950966724699e-003	9.000000e+000	9.895367e-003
2.649022792190620e-003	9.000000e+000	9.967931e-003
2.652636693523066e-003	9.000000e+000	9.924446e-003
2.657291483017852e-003	9.000000e+000	9.655324e-003
2.664832895902845e-003	9.000000e+000	8.740938e-003
2.676819030335047e-003	9.000000e+000	6.431439e-003
2.688267619632083e-003	9.000000e+000	3.502858e-003
2.697672175624136e-003	9.000000e+000	7.145439e-004
2.706420232000009e-003	9.000000e+000	-1.965687e-003
2.715176383123833e-003	9.000000e+000	-4.500786e-003
2.724118439559586e-003	9.000000e+000	-6.742205e-003
2.732794935469786e-003	9.000000e+000	-8.463200e-003
2.738981993635703e-003	9.000000e+000	-9.353312e-003
2.742756268139007e-003	9.000000e+000	-9.713502e-003
2.745924942468850e-003	9.000000e+000	-9.894209e-003
2.749016986217890e-003	9.000000e+000	-9.967667e-003
2.752634533821405e-003	9.000000e+000	-9.924472e-003
2.757287970984608e-003	9.000000e+000	-9.655619e-003
2.764827234808535e-003	9.000000e+000	-8.741821e-003
2.776810191381036e-003	9.000000e+000	-6.433435e-003
2.788263206452665e-003	9.000000e+000	-3.504143e-003
2.797658479097299e-003	9.000000e+000	-7.187817e-004
2.806397205322973e-003	9.000000e+000	1.958811e-003
2.815144124592481e-003	9.000000e+000	4.492017e-003
2.824087147863920e-003	9.000000e+000	6.735599e-003
2.832738306077737e-003	9.000000e+000	8.452905e-003
2.839009087602071e-003	9.000000e+000	9.355575e-003
2.842776407041258e-003	9.000000e+000	9.714930e-003
2.845949988731708e-003	9.000000e+000	9.895323e-003
2.849022573990170e-003	9.000000e+000	9.967920e-003
2.852636612357386e-003	9.000000e+000	9.924447e-003
2.857291351029126e-003	9.000000e+000	9.655335e-003
2.864832683149416e-003	9.000000e+000	8.740971e-003
2.876818698157454e-003	9.000000e+000	6.431515e-003
2.888267453741950e-003	9.000000e+000	3.502897e-003
2.897672800659405e-003	9.000000e+000	7.143493e-004
2.906421603076212e-003	9.000000e+000	-1.966094e-003
2.915178494711781e-003	9.000000e+000	-4.501359e-003
2.924120507695168e-003	9.000000e+000	-6.742673e-003
2.932796735773629e-003	9.000000e+000	-8.463508e-003
2.938982839855375e-003	9.000000e+000	-9.353412e-003
2.942756897087505e-003	9.000000e+000	-9.713546e-003
2.945925724694105e-003	9.000000e+000	-9.894243e-003
2.949017160721848e-003	9.000000e+000	-9.967675e-003
2.952634598733563e-003	9.000000e+000	-9.924471e-003
2.957288076542658e-003	9.000000e+000	-9.655611e-003
2.964827404959802e-003	9.000000e+000	-8.741795e-003
2.976810457050992e-003	9.000000e+000	-6.433376e-003
2.988263339067709e-003	9.000000e+000	-3.504113e-003
2.997657815653031e-003	9.000000e+000	-7.189882e-004
3.006395787816152e-003	9.000000e+000	1.958389e-003
3.015141958777804e-003	9.000000e+000	4.491429e-003
3.024085027303978e-003	9.000000e+000	6.735124e-003
3.032736152298203e-003	9.000000e+000	8.452540e-003
3.039008031050527e-003	9.000000e+000	9.355451e-003
3.042775621652170e-003	9.000000e+000	9.714874e-003
3.045949011983825e-003	9.000000e+000	9.895279e-003
3.049022356068433e-003	9.000000e+000	9.967910e-003
3.052636531295352e-003	9.000000e+000	9.924448e-003
3.057291219208936e-003	9.000000e+000	9.655346e-003
3.064832470667574e-003	9.000000e+000	8.741004e-003
3.076818366403496e-003	9.000000e+000	6.431589e-003
3.088267288066331e-003	9.000000e+000	3.502936e-003
3.097673445024624e-003	9.000000e+000	7.141485e-004
3.106423011885544e-003	9.000000e+000	-1.966513e-003
3.115180662280418e-003	9.000000e+000	-4.501946e-003
3.124122630533127e-003	9.000000e+000	-6.743152e-003
3.132798643608215e-003	9.000000e+000	-8.463834e-003
3.138983721309009e-003	9.000000e+000	-9.353518e-003
3.142757552226571e-003	9.000000e+000	-9.713593e-003
3.145926539491464e-003	9.000000e+000	-9.894280e-003
3.149017342492816e-003	9.000000e+000	-9.967683e-003
3.152634666348892e-003	9.000000e+000	-9.924470e-003
3.157288186496510e-003	9.000000e+000	-9.655601e-003
3.164827582196702e-003	9.000000e+000	-8.741767e-003
3.176810733784006e-003	9.000000e+000	-6.433313e-003
3.188263477207143e-003	9.000000e+000	-3.504081e-003
3.197657136928122e-003	9.000000e+000	-7.191995e-004
3.206394335498758e-003	9.000000e+000	1.957957e-003
3.215139738762372e-003	9.000000e+000	4.490827e-003
3.224082853639459e-003	9.000000e+000	6.734637e-003
3.232733944555784e-003	9.000000e+000	8.452167e-003
3.239006974758532e-003	9.000000e+000	9.355325e-003
3.242774836460559e-003	9.000000e+000	9.714819e-003
3.245948035479796e-003	9.000000e+000	9.895236e-003
3.249022138202017e-003	9.000000e+000	9.967901e-003
3.252636450253868e-003	9.000000e+000	9.924449e-003
3.257291087422153e-003	9.000000e+000	9.655357e-003
3.264832258239501e-003	9.000000e+000	8.741037e-003
3.276818034733091e-003	9.000000e+000	6.431664e-003
3.288267122435406e-003	9.000000e+000	3.502975e-003
3.297674109872607e-003	9.000000e+000	7.139415e-004
3.306424460837512e-003	9.000000e+000	-1.966944e-003
3.315182889486154e-003	9.000000e+000	-4.502550e-003
3.324124811541118e-003	9.000000e+000	-6.743643e-003
3.332800663647594e-003	9.000000e+000	-8.464179e-003
3.338984639744008e-003	9.000000e+000	-9.353628e-003
3.342758234855348e-003	9.000000e+000	-9.713641e-003
3.345927388476527e-003	9.000000e+000	-9.894318e-003
3.349017531891290e-003	9.000000e+000	-9.967691e-003
3.352634736801485e-003	9.000000e+000	-9.924470e-003
3.357288301064222e-003	9.000000e+000	-9.655591e-003
3.364827766870722e-003	9.000000e+000	-8.741738e-003
3.376811022128846e-003	9.000000e+000	-6.433248e-003
3.388263621145156e-003	9.000000e+000	-3.504049e-003
3.397656441817036e-003	9.000000e+000	-7.194158e-004
3.406392845961654e-003	9.000000e+000	1.957514e-003
3.415137460843205e-003	9.000000e+000	4.490209e-003
3.424080623248321e-003	9.000000e+000	6.734136e-003
3.432731679180991e-003	9.000000e+000	8.451782e-003
3.439005917666915e-003	9.000000e+000	9.355200e-003
3.442774050679096e-003	9.000000e+000	9.714764e-003
3.445947058240461e-003	9.000000e+000	9.895192e-003
3.449021920172464e-003	9.000000e+000	9.967891e-003
3.452636369151670e-003	9.000000e+000	9.924450e-003
3.457290955536629e-003	9.000000e+000	9.655368e-003
3.464832045652191e-003	9.000000e+000	8.741071e-003
3.476817702813661e-003	9.000000e+000	6.431739e-003
3.488266956683079e-003	9.000000e+000	3.503014e-003
3.497674796415716e-003	9.000000e+000	7.137276e-004
3.506425952455143e-003	9.000000e+000	-1.967388e-003
3.515185180152439e-003	9.000000e+000	-4.503170e-003
3.524127054518335e-003	9.000000e+000	-6.744148e-003
3.532802800880812e-003	9.000000e+000	-8.464542e-003
3.538985597049528e-003	9.000000e+000	-9.353743e-003
3.542758946378384e-003	9.000000e+000	-9.713692e-003
3.545928273395964e-003	9.000000e+000	-9.894357e-003
3.549017729307017e-003	9.000000e+000	-9.967701e-003
3.552634810236320e-003	9.000000e+000	-9.924469e-003
3.557288420481548e-003	9.000000e+000	-9.655582e-003
3.564827959361870e-003	9.000000e+000	-8.741708e-003
3.576811322678808e-003	9.000000e+000	-6.433180e-003
3.588263771178177e-003	9.000000e+000	-3.504015e-003
3.597655729177399e-003	9.000000e+000	-7.196377e-004
3.606391316703932e-003	9.000000e+000	1.957058e-003
3.615135121170961e-003	9.000000e+000	4.489574e-003
3.624078332448280e-003	9.000000e+000	6.733623e-003
3.632729352421989e-003	9.000000e+000	8.451387e-003
3.639004858762305e-003	9.000000e+000	9.355073e-003
3.642773263554518e-003	9.000000e+000	9.714708e-003
3.645946079329011e-003	9.000000e+000	9.895150e-003
3.649021701770766e-003	9.000000e+000	9.967881e-003
3.652636287911015e-003	9.000000e+000	9.924451e-003
3.657290823425938e-003	9.000000e+000	9.655379e-003
3.664831832701854e-003	9.000000e+000	8.741104e-003
3.676817370327026e-003	9.000000e+000	6.431814e-003
3.688266790650473e-003	9.000000e+000	3.503052e-003
3.697675505930154e-003	9.000000e+000	7.135068e-004
3.706427489380376e-003	9.000000e+000	-1.967845e-003
3.715187538276193e-003	9.000000e+000	-4.503810e-003
3.724129363358988e-003	9.000000e+000	-6.744666e-003
3.732805060687602e-003	9.000000e+000	-8.464927e-003
3.738986595302518e-003	9.000000e+000	-9.353863e-003
3.742759688339848e-003	9.000000e+000	-9.713745e-003
3.745929196170078e-003	9.000000e+000	-9.894399e-003
3.749017935168485e-003	9.000000e+000	-9.967710e-003
3.752634886812782e-003	9.000000e+000	-9.924468e-003
3.757288545007677e-003	9.000000e+000	-9.655572e-003
3.764828160087932e-003	9.000000e+000	-8.741677e-003
3.776811636086170e-003	9.000000e+000	-6.433109e-003
3.788263927632160e-003	9.000000e+000	-3.503979e-003
3.797654997829755e-003	9.000000e+000	-7.198654e-004
3.806389745126074e-003	9.000000e+000	1.956591e-003
3.815132715736559e-003	9.000000e+000	4.488921e-003
3.824075977216127e-003	9.000000e+000	6.733095e-003
3.832726960195424e-003	9.000000e+000	8.450979e-003
3.839003796841151e-003	9.000000e+000	9.354945e-003
3.842772474192208e-003	9.000000e+000	9.714652e-003
3.845945097632843e-003	9.000000e+000	9.895105e-003
3.849021482748700e-003	9.000000e+000	9.967871e-003
3.852636206439568e-003	9.000000e+000	9.924452e-003
3.857290690939931e-003	9.000000e+000	9.655390e-003
3.864831619146462e-003	9.000000e+000	8.741137e-003
3.876817036895293e-003	9.000000e+000	6.431890e-003
3.888266624148908e-003	9.000000e+000	3.503091e-003
3.897676239726071e-003	9.000000e+000	7.132782e-004
3.906429074347651e-003	9.000000e+000	-1.968317e-003
3.915189968005045e-003	9.000000e+000	-4.504469e-003
3.924131742130422e-003	9.000000e+000	-6.745199e-003
3.932807448534632e-003	9.000000e+000	-8.465332e-003
3.938987636534005e-003	9.000000e+000	-9.353988e-003
3.942760462249837e-003	9.000000e+000	-9.713800e-003
3.945930158676771e-003	9.000000e+000	-9.894441e-003
3.949018149894740e-003	9.000000e+000	-9.967720e-003
3.952634966686745e-003	9.000000e+000	-9.924467e-003
3.957288674896082e-003	9.000000e+000	-9.655560e-003
3.964828369457475e-003	9.000000e+000	-8.741644e-003
3.976811962988813e-003	9.000000e+000	-6.433035e-003
3.988264090825831e-003	9.000000e+000	-3.503941e-003
3.997654246526392e-003	9.000000e+000	-7.200993e-004
4.006388128500878e-003	9.000000e+000	1.956110e-003
4.015130240344335e-003	9.000000e+000	4.488250e-003
4.024073553443795e-003	9.000000e+000	6.732551e-003
4.032724498307943e-003	9.000000e+000	8.450560e-003
4.039002730737614e-003	9.000000e+000	9.354817e-003
4.042771681725606e-003	9.000000e+000	9.714595e-003
4.045944112074234e-003	9.000000e+000	9.895062e-003
4.049021262865826e-003	9.000000e+000	9.967861e-003
4.052636124647889e-003	9.000000e+000	9.924453e-003
4.057290557933163e-003	9.000000e+000	9.655401e-003
4.064831404751574e-003	9.000000e+000	8.741171e-003
4.076816702152417e-003	9.000000e+000	6.431966e-003
4.088266456995626e-003	9.000000e+000	3.503129e-003
4.097676999182071e-003	9.000000e+000	7.130418e-004
4.106430710220489e-003	9.000000e+000	-1.968803e-003
4.115192473675798e-003	9.000000e+000	-4.505148e-003
4.124134195039691e-003	9.000000e+000	-6.745747e-003
4.132809970143375e-003	9.000000e+000	-8.465759e-003
4.138988722916152e-003	9.000000e+000	-9.354119e-003
4.142761269723398e-003	9.000000e+000	-9.713857e-003
4.145931162924455e-003	9.000000e+000	-9.894486e-003
4.149018373933949e-003	9.000000e+000	-9.967730e-003
4.152635050024914e-003	9.000000e+000	-9.924466e-003
4.157288810417856e-003	9.000000e+000	-9.655548e-003
4.164828587907468e-003	9.000000e+000	-8.741610e-003
4.176812304068953e-003	9.000000e+000	-6.432958e-003
4.188264261100162e-003	9.000000e+000	-3.503902e-003
4.197653473972022e-003	9.000000e+000	-7.203399e-004
4.206386463988255e-003	9.000000e+000	1.955614e-003
4.215127690620877e-003	9.000000e+000	4.487557e-003
4.224071056883084e-003	9.000000e+000	6.731992e-003
4.232721962493022e-003	9.000000e+000	8.450128e-003
4.239001659311971e-003	9.000000e+000	9.354687e-003
4.242770885307586e-003	9.000000e+000	9.714539e-003
4.245943121599621e-003	9.000000e+000	9.895018e-003
4.249021041887104e-003	9.000000e+000	9.967851e-003
4.252636042448549e-003	9.000000e+000	9.924455e-003
4.257290424263461e-003	9.000000e+000	9.655413e-003
4.264831189288013e-003	9.000000e+000	8.741205e-003
4.276816365740573e-003	9.000000e+000	6.432041e-003
4.288266289011990e-003	9.000000e+000	3.503168e-003
4.297677785746912e-003	9.000000e+000	7.127970e-004
4.306432399996368e-003	9.000000e+000	-1.969306e-003
4.315195059822466e-003	9.000000e+000	-4.505849e-003
4.324136726552229e-003	9.000000e+000	-6.746312e-003
4.332812631726650e-003	9.000000e+000	-8.466211e-003
4.338989856767583e-003	9.000000e+000	-9.354257e-003
4.342762112484510e-003	9.000000e+000	-9.713917e-003
4.345932211056989e-003	9.000000e+000	-9.894532e-003
4.349018607764514e-003	9.000000e+000	-9.967741e-003
4.352635137005242e-003	9.000000e+000	-9.924465e-003
4.357288951862375e-003	9.000000e+000	-9.655536e-003
4.364828815904356e-003	9.000000e+000	-8.741574e-003
4.376812660054828e-003	9.000000e+000	-6.432878e-003
4.388264438819061e-003	9.000000e+000	-3.503861e-003
4.397652678820424e-003	9.000000e+000	-7.205874e-004
4.406384748628012e-003	9.000000e+000	1.955104e-003
4.415125062003982e-003	9.000000e+000	4.486844e-003
4.424068483077429e-003	9.000000e+000	6.731415e-003
4.432719348183867e-003	9.000000e+000	8.449682e-003
4.439000581346202e-003	9.000000e+000	9.354557e-003
4.442770084032838e-003	9.000000e+000	9.714482e-003
4.445942125083079e-003	9.000000e+000	9.894974e-003
4.449020819561348e-003	9.000000e+000	9.967841e-003
4.452635959748111e-003	9.000000e+000	9.924455e-003
4.457290289778880e-003	9.000000e+000	9.655424e-003
4.464830972510863e-003	9.000000e+000	8.741238e-003
4.476816027277352e-003	9.000000e+000	6.432117e-003
4.488266120007071e-003	9.000000e+000	3.503206e-003
4.497678600929847e-003	9.000000e+000	7.125432e-004
4.506434146802013e-003	9.000000e+000	-1.969825e-003
4.515197731176533e-003	9.000000e+000	-4.506573e-003
4.524139341300694e-003	9.000000e+000	-6.746895e-003
4.532815439561154e-003	9.000000e+000	-8.466686e-003
4.538991040469610e-003	9.000000e+000	-9.354400e-003
4.542762992303809e-003	9.000000e+000	-9.713979e-003
4.545933305276238e-003	9.000000e+000	-9.894582e-003
4.549018851877788e-003	9.000000e+000	-9.967752e-003
4.552635227810498e-003	9.000000e+000	-9.924464e-003
4.557289099526852e-003	9.000000e+000	-9.655524e-003
4.564829053927204e-003	9.000000e+000	-8.741538e-003
4.576813031694374e-003	9.000000e+000	-6.432795e-003
4.588264624356415e-003	9.000000e+000	-3.503819e-003
4.597651859660764e-003	9.000000e+000	-7.208425e-004
4.606382979324446e-003	9.000000e+000	1.954577e-003
4.615122349725574e-003	9.000000e+000	4.486108e-003
4.624065827322526e-003	9.000000e+000	6.730820e-003
4.632716650606691e-003	9.000000e+000	8.449220e-003
4.638999495525350e-003	9.000000e+000	9.354424e-003
4.642769276924023e-003	9.000000e+000	9.714425e-003
4.645941121309091e-003	9.000000e+000	9.894929e-003
4.649020595617392e-003	9.000000e+000	9.967831e-003
4.652635876445706e-003	9.000000e+000	9.924456e-003
4.657290154315389e-003	9.000000e+000	9.655436e-003
4.664830754155714e-003	9.000000e+000	8.741272e-003
4.676815686349914e-003	9.000000e+000	6.432195e-003
4.688265949774819e-003	9.000000e+000	3.503245e-003
4.697679446298305e-003	9.000000e+000	7.122802e-004
4.706435953891545e-003	9.000000e+000	-1.970363e-003
4.715200492665595e-003	9.000000e+000	-4.507322e-003
4.724142044058864e-003	9.000000e+000	-6.747496e-003
4.732818400350664e-003	9.000000e+000	-8.467187e-003
4.738992276491830e-003	9.000000e+000	-9.354550e-003
4.742763911017633e-003	9.000000e+000	-9.714045e-003
4.745934447865746e-003	9.000000e+000	-9.894632e-003
4.749019106783362e-003	9.000000e+000	-9.967763e-003
4.752635322630236e-003	9.000000e+000	-9.924462e-003
4.757289253719530e-003	9.000000e+000	-9.655511e-003
4.764829302472866e-003	9.000000e+000	-8.741499e-003
4.776813419763292e-003	9.000000e+000	-6.432706e-003
4.788264818099908e-003	9.000000e+000	-3.503774e-003
4.797651015016091e-003	9.000000e+000	-7.211055e-004
4.806381152839842e-003	9.000000e+000	1.954034e-003
4.815119548800290e-003	9.000000e+000	4.485348e-003
4.824063084712950e-003	9.000000e+000	6.730204e-003
4.832713864818499e-003	9.000000e+000	8.448743e-003
4.838998400564080e-003	9.000000e+000	9.354291e-003
4.842768463025844e-003	9.000000e+000	9.714368e-003
4.845940109089539e-003	9.000000e+000	9.894884e-003
4.849020369790185e-003	9.000000e+000	9.967821e-003
4.852635792442742e-003	9.000000e+000	9.924457e-003
4.857290017712661e-003	9.000000e+000	9.655447e-003
4.864830533964131e-003	9.000000e+000	8.741306e-003
4.876815342554746e-003	9.000000e+000	6.432272e-003
4.888265778113817e-003	9.000000e+000	3.503283e-003
4.897680323501717e-003	9.000000e+000	7.120071e-004
4.906437824675603e-003	9.000000e+000	-1.970919e-003
4.915203349447639e-003	9.000000e+000	-4.508096e-003
4.924144839877525e-003	9.000000e+000	-6.748117e-003
4.932821521099209e-003	9.000000e+000	-8.467714e-003
4.938993567471682e-003	9.000000e+000	-9.354707e-003
4.942764870587153e-003	9.000000e+000	-9.714113e-003
4.945935641264278e-003	9.000000e+000	-9.894686e-003
4.949019373025475e-003	9.000000e+000	-9.967775e-003
4.952635421666895e-003	9.000000e+000	-9.924461e-003
4.957289414769609e-003	9.000000e+000	-9.655498e-003
4.964829562071971e-003	9.000000e+000	-8.741458e-003
4.976813825090014e-003	9.000000e+000	-6.432615e-003
4.988265020463713e-003	9.000000e+000	-3.503727e-003
4.997650143351864e-003	9.000000e+000	-7.213770e-004
5.006379265800318e-003	9.000000e+000	1.953472e-003
5.015116654028508e-003	9.000000e+000	4.484562e-003
5.024060250255259e-003	9.000000e+000	6.729569e-003
5.032710985648472e-003	9.000000e+000	8.448250e-003
5.038997295083410e-003	9.000000e+000	9.354154e-003
5.042767641313417e-003	9.000000e+000	9.714309e-003
5.045939087149758e-003	9.000000e+000	9.894839e-003
5.049020141795374e-003	9.000000e+000	9.967810e-003
5.052635707633443e-003	9.000000e+000	9.924457e-003
5.057289879798688e-003	9.000000e+000	9.655458e-003
5.064830311658854e-003	9.000000e+000	8.741341e-003
5.076814995458933e-003	9.000000e+000	6.432351e-003
5.088265604807996e-003	9.000000e+000	3.503322e-003
5.097681234258643e-003	9.000000e+000	7.117236e-004
5.106439762713277e-003	9.000000e+000	-1.971495e-003
5.115206306907827e-003	9.000000e+000	-4.508898e-003
5.124147734047903e-003	9.000000e+000	-6.748759e-003
5.132824809130169e-003	9.000000e+000	-8.468268e-003
5.138994916131249e-003	9.000000e+000	-9.354871e-003
5.142765873036552e-003	9.000000e+000	-9.714183e-003
5.145936887988934e-003	9.000000e+000	-9.894741e-003
5.149019651165858e-003	9.000000e+000	-9.967788e-003
5.152635525129423e-003	9.000000e+000	-9.924460e-003
5.157289583016871e-003	9.000000e+000	-9.655484e-003
5.164829833272199e-003	9.000000e+000	-8.741416e-003
5.176814248529585e-003	9.000000e+000	-6.432519e-003
5.188265231875269e-003	9.000000e+000	-3.503678e-003
5.197649243058730e-003	9.000000e+000	-7.216574e-004
5.206377314673371e-003	9.000000e+000	1.952892e-003
5.215113659968881e-003	9.000000e+000	4.483750e-003
5.224057318502559e-003	9.000000e+000	6.728911e-003
5.232708007667891e-003	9.000000e+000	8.447739e-003
5.238996177728046e-003	9.000000e+000	9.354016e-003
5.242766810779495e-003	9.000000e+000	9.714250e-003
5.245938054237007e-003	9.000000e+000	9.894793e-003
5.249019911353500e-003	9.000000e+000	9.967800e-003
5.252635621913857e-003	9.000000e+000	9.924459e-003
5.257289740404425e-003	9.000000e+000	9.655470e-003
5.264830086967392e-003	9.000000e+000	8.741376e-003
5.276814644637011e-003	9.000000e+000	6.432430e-003
5.288265429645007e-003	9.000000e+000	3.503361e-003
5.297682180373194e-003	9.000000e+000	7.114292e-004
5.306441771727998e-003	9.000000e+000	-1.972093e-003
5.315209370673779e-003	9.000000e+000	-4.509728e-003
5.324150732049067e-003	9.000000e+000	-6.749422e-003
5.332828272221747e-003	9.000000e+000	-8.468852e-003
5.338996325375906e-003	9.000000e+000	-9.355042e-003
5.342766920526344e-003	9.000000e+000	-9.714258e-003
5.345938190726329e-003	9.000000e+000	-9.894799e-003
5.349019941804083e-003	9.000000e+000	-9.967801e-003
5.352635633240841e-003	9.000000e+000	-9.924458e-003
5.357289758823981e-003	9.000000e+000	-9.655469e-003
5.364830116658123e-003	9.000000e+000	-8.741372e-003
5.376814690994647e-003	9.000000e+000	-6.432420e-003
5.388265452790870e-003	9.000000e+000	-3.503626e-003
5.397648312463430e-003	9.000000e+000	-7.219472e-004
5.406375295775855e-003	9.000000e+000	1.952291e-003
5.415110560943234e-003	9.000000e+000	4.482909e-003
5.424054283959106e-003	9.000000e+000	6.728231e-003
5.432704925194124e-003	9.000000e+000	8.447210e-003
5.438995046981977e-003	9.000000e+000	9.353875e-003
5.442765970297392e-003	9.000000e+000	9.714190e-003
5.445937008949990e-003	9.000000e+000	9.894745e-003
5.449019678151971e-003	9.000000e+000	9.967789e-003
5.452635535167702e-003	9.000000e+000	9.924460e-003
5.457289599340780e-003	9.000000e+000	9.655482e-003
5.464829859584941e-003	9.000000e+000	8.741412e-003
5.476814289613057e-003	9.000000e+000	6.432510e-003
5.488265252387351e-003	9.000000e+000	3.503400e-003
5.497683163718291e-003	9.000000e+000	7.111232e-004
5.506443855600041e-003	9.000000e+000	-1.972713e-003
5.515212546617363e-003	9.000000e+000	-4.510588e-003
5.524153839659150e-003	9.000000e+000	-6.750110e-003
5.532831918375748e-003	9.000000e+000	-8.469467e-003
5.538997798192786e-003	9.000000e+000	-9.355222e-003
5.542768015277934e-003	9.000000e+000	-9.714336e-003
5.545939552238757e-003	9.000000e+000	-9.894859e-003
5.549020245556627e-003	9.000000e+000	-9.967815e-003
5.552635746230462e-003	9.000000e+000	-9.924457e-003
5.557289942563839e-003	9.000000e+000	-9.655453e-003
5.564830412830805e-003	9.000000e+000	-8.741326e-003
5.576815153423570e-003	9.000000e+000	-6.432315e-003
5.588265683679742e-003	9.000000e+000	-3.503573e-003
5.597647349810103e-003	9.000000e+000	-7.222471e-004
5.606373205250952e-003	9.000000e+000	1.951669e-003
5.615107351009375e-003	9.000000e+000	4.482037e-003
5.624051140764665e-003	9.000000e+000	6.727525e-003
5.632701732358809e-003	9.000000e+000	8.446661e-003
5.638993901372609e-003	9.000000e+000	9.353733e-003
5.642765118772731e-003	9.000000e+000	9.714129e-003
5.645935949927581e-003	9.000000e+000	9.894699e-003
5.649019441887158e-003	9.000000e+000	9.967779e-003
5.652635447282036e-003	9.000000e+000	9.924461e-003
5.657289456424086e-003	9.000000e+000	9.655494e-003
5.664829629215445e-003	9.000000e+000	8.741448e-003
5.676813929924809e-003	9.000000e+000	6.432591e-003
5.688265072804346e-003	9.000000e+000	3.503440e-003
5.697684186263298e-003	9.000000e+000	7.108051e-004
5.706446018392797e-003	9.000000e+000	-1.973356e-003
5.715215840879502e-003	9.000000e+000	-4.511482e-003
5.724157062775067e-003	9.000000e+000	-6.750821e-003
5.732835755988581e-003	9.000000e+000	-8.470113e-003
5.738999337633772e-003	9.000000e+000	-9.355410e-003
5.742769159560970e-003	9.000000e+000	-9.714417e-003
5.745940975348470e-003	9.000000e+000	-9.894922e-003
5.749020563053369e-003	9.000000e+000	-9.967830e-003
5.752635864332578e-003	9.000000e+000	-9.924456e-003
5.757290134617437e-003	9.000000e+000	-9.655437e-003
5.764830722404353e-003	9.000000e+000	-8.741277e-003
5.776815636775092e-003	9.000000e+000	-6.432206e-003
5.788265925021336e-003	9.000000e+000	-3.503517e-003
5.797646353252054e-003	9.000000e+000	-7.225574e-004
5.806371039054578e-003	9.000000e+000	1.951024e-003
5.815104023942203e-003	9.000000e+000	4.481134e-003
5.824047882882828e-003	9.000000e+000	6.726794e-003
5.832698422951329e-003	9.000000e+000	8.446091e-003
5.838992739349418e-003	9.000000e+000	9.353587e-003
5.842764255053231e-003	9.000000e+000	9.714069e-003
5.845934875736634e-003	9.000000e+000	9.894651e-003
5.849019202239373e-003	9.000000e+000	9.967768e-003
5.852635358137939e-003	9.000000e+000	9.924462e-003
5.857289311460964e-003	9.000000e+000	9.655506e-003
5.864829395547186e-003	9.000000e+000	8.741484e-003
5.876813565085546e-003	9.000000e+000	6.432674e-003
5.888264890653128e-003	9.000000e+000	3.503480e-003
5.897685250067832e-003	9.000000e+000	7.104741e-004
5.906448264357114e-003	9.000000e+000	-1.974024e-003
5.915219259885008e-003	9.000000e+000	-4.512408e-003
5.924160407811390e-003	9.000000e+000	-6.751559e-003
5.932839794116801e-003	9.000000e+000	-8.470793e-003
5.939000947135383e-003	9.000000e+000	-9.355607e-003
5.942770355931141e-003	9.000000e+000	-9.714502e-003
5.945942463233407e-003	9.000000e+000	-9.894988e-003
5.949020895003570e-003	9.000000e+000	-9.967845e-003
5.952635987811011e-003	9.000000e+000	-9.924455e-003
5.957290335413795e-003	9.000000e+000	-9.655421e-003
5.964831046070286e-003	9.000000e+000	-8.741227e-003
5.976816142128799e-003	9.000000e+000	-6.432092e-003
5.988266177355521e-003	9.000000e+000	-3.503458e-003
5.997645320891704e-003	9.000000e+000	-7.228789e-004
6.006368792989759e-003	9.000000e+000	1.950356e-003
6.015100573262278e-003	9.000000e+000	4.480197e-003
6.024044503898688e-003	9.000000e+000	6.726037e-003
6.032694990479838e-003	9.000000e+000	8.445500e-003
6.038991559248743e-003	9.000000e+000	9.353439e-003
6.042763377902560e-003	9.000000e+000	9.714006e-003
6.045933784839449e-003	9.000000e+000	9.894603e-003
6.049018958865610e-003	9.000000e+000	9.967756e-003
6.052635267607817e-003	9.000000e+000	9.924464e-003
6.057289164243919e-003	9.000000e+000	9.655519e-003
6.064829158245701e-003	9.000000e+000	8.741521e-003
6.076813194573028e-003	9.000000e+000	6.432758e-003
6.088264705673122e-003	9.000000e+000	3.503520e-003
6.097686357275308e-003	9.000000e+000	7.101297e-004
6.106450597923561e-003	9.000000e+000	-1.974718e-003
6.115222810333621e-003	9.000000e+000	-4.513370e-003
6.124163881189440e-003	9.000000e+000	-6.752323e-003
6.132844041881979e-003	9.000000e+000	-8.471507e-003
6.139002630032356e-003	9.000000e+000	-9.355811e-003
6.142771606868620e-003	9.000000e+000	-9.714590e-003
6.145944018977540e-003	9.000000e+000	-9.895057e-003
6.149021242095553e-003	9.000000e+000	-9.967860e-003
6.152636116921795e-003	9.000000e+000	-9.924453e-003
6.157290545369260e-003	9.000000e+000	-9.655402e-003
6.164831384499692e-003	9.000000e+000	-8.741174e-003
6.176816670532364e-003	9.000000e+000	-6.431973e-003
6.188266441206355e-003	9.000000e+000	-3.503396e-003
6.197644250708612e-003	9.000000e+000	-7.232123e-004
6.206366462632109e-003	9.000000e+000	1.949662e-003
6.215096992159170e-003	9.000000e+000	4.479225e-003
6.224040997170855e-003	9.000000e+000	6.725249e-003
6.232691428240440e-003	9.000000e+000	8.444886e-003
6.238990359438396e-003	9.000000e+000	9.353288e-003
6.242762486107809e-003	9.000000e+000	9.713943e-003
6.245932675727452e-003	9.000000e+000	9.894553e-003
6.249018711429366e-003	9.000000e+000	9.967745e-003
6.252635175566498e-003	9.000000e+000	9.924464e-003
6.257289014569405e-003	9.000000e+000	9.655531e-003
6.264828916982881e-003	9.000000e+000	8.741559e-003
6.276812817874937e-003	9.000000e+000	6.432842e-003
6.288264517608737e-003	9.000000e+000	3.503561e-003
6.297687510141898e-003	9.000000e+000	7.097710e-004
6.306453023739325e-003	9.000000e+000	-1.975440e-003
6.315226499244681e-003	9.000000e+000	-4.514370e-003
6.324167489882801e-003	9.000000e+000	-6.753117e-003
6.332848509111140e-003	9.000000e+000	-8.472258e-003
6.339004389947489e-003	9.000000e+000	-9.356027e-003
6.342772915067866e-003	9.000000e+000	-9.714684e-003
6.345945645931272e-003	9.000000e+000	-9.895130e-003
6.349021605077123e-003	9.000000e+000	-9.967877e-003
6.352636251943085e-003	9.000000e+000	-9.924452e-003
6.357290764936155e-003	9.000000e+000	-9.655384e-003
6.364831738421654e-003	9.000000e+000	-8.741119e-003
6.376817223124000e-003	9.000000e+000	-6.431848e-003
6.388266717143203e-003	9.000000e+000	-3.503331e-003
6.397643140608921e-003	9.000000e+000	-7.235580e-004
6.406364043373229e-003	9.000000e+000	1.948942e-003
6.415093273528552e-003	9.000000e+000	4.478215e-003
6.424037355709804e-003	9.000000e+000	6.724433e-003
6.432687729068424e-003	9.000000e+000	8.444248e-003
6.438989138132759e-003	9.000000e+000	9.353134e-003
6.442761578342066e-003	9.000000e+000	9.713879e-003
6.445931546750260e-003	9.000000e+000	9.894503e-003
6.449018459562509e-003	9.000000e+000	9.967734e-003
6.452635081877042e-003	9.000000e+000	9.924466e-003
6.457288862214730e-003	9.000000e+000	9.655545e-003
6.464828671399764e-003	9.000000e+000	8.741598e-003
6.476812434430777e-003	9.000000e+000	6.432929e-003
6.488264326180322e-003	9.000000e+000	3.503602e-003
6.497688711013642e-003	9.000000e+000	7.093974e-004
6.506455546648639e-003	9.000000e+000	-1.976190e-003
6.515230333940959e-003	9.000000e+000	-4.515409e-003
6.524171240959634e-003	9.000000e+000	-6.753941e-003
6.532853205971100e-003	9.000000e+000	-8.473047e-003
6.539006230637537e-003	9.000000e+000	-9.356253e-003
6.542774283323088e-003	9.000000e+000	-9.714780e-003
6.545947347568999e-003	9.000000e+000	-9.895205e-003
6.549021984723773e-003	9.000000e+000	-9.967893e-003
6.552636393163340e-003	9.000000e+000	-9.924450e-003
6.557290994583557e-003	9.000000e+000	-9.655365e-003
6.564832108592249e-003	9.000000e+000	-8.741060e-003
6.576817801084048e-003	9.000000e+000	-6.431717e-003
6.588267005756562e-003	9.000000e+000	-3.503264e-003
6.597641988395677e-003	9.000000e+000	-7.239170e-004
6.606361530383795e-003	9.000000e+000	1.948195e-003
6.615089409928253e-003	9.000000e+000	4.477166e-003
6.624033572265324e-003	9.000000e+000	6.723583e-003
6.632683885644386e-003	9.000000e+000	8.443584e-003
6.638987893560367e-003	9.000000e+000	9.352975e-003
6.642760653288985e-003	9.000000e+000	9.713813e-003
6.645930396270625e-003	9.000000e+000	9.894452e-003
6.649018202899844e-003	9.000000e+000	9.967722e-003
6.652634986403601e-003	9.000000e+000	9.924467e-003
6.657288706958984e-003	9.000000e+000	9.655558e-003
6.664828421140251e-003	9.000000e+000	8.741637e-003
6.676812043684521e-003	9.000000e+000	6.433018e-003
6.688264131110541e-003	9.000000e+000	3.503644e-003
6.697689962357437e-003	9.000000e+000	7.090082e-004
6.706458171730561e-003	9.000000e+000	-1.976971e-003
6.715234322093052e-003	9.000000e+000	-4.516489e-003
6.724175141951666e-003	9.000000e+000	-6.754797e-003
6.732858143171443e-003	9.000000e+000	-8.473875e-003
6.739008156081057e-003	9.000000e+000	-9.356488e-003
6.742775714593555e-003	9.000000e+000	-9.714881e-003
6.745949127570320e-003	9.000000e+000	-9.895284e-003
6.749022381856831e-003	9.000000e+000	-9.967912e-003
6.752636540888063e-003	9.000000e+000	-9.924448e-003
6.757291234808261e-003	9.000000e+000	-9.655344e-003
6.764832495812233e-003	9.000000e+000	-8.741001e-003
6.776818405662591e-003	9.000000e+000	-6.431581e-003
6.788267307671888e-003	9.000000e+000	-3.503193e-003
6.797640791777405e-003	9.000000e+000	-7.242897e-004
6.806358918618075e-003	9.000000e+000	1.947417e-003
6.815085393578673e-003	9.000000e+000	4.476076e-003
6.824029639216632e-003	9.000000e+000	6.722700e-003
6.832679890167019e-003	9.000000e+000	8.442894e-003
6.838986623801217e-003	9.000000e+000	9.352813e-003
6.842759709521850e-003	9.000000e+000	9.713746e-003
6.845929222514013e-003	9.000000e+000	9.894400e-003
6.849017941045560e-003	9.000000e+000	9.967710e-003
6.852634888998939e-003	9.000000e+000	9.924468e-003
6.857288548562734e-003	9.000000e+000	9.655571e-003
6.864828165818395e-003	9.000000e+000	8.741676e-003
6.876811645033530e-003	9.000000e+000	6.433107e-003
6.888263932098751e-003	9.000000e+000	3.503687e-003
6.897691266742338e-003	9.000000e+000	7.086024e-004
6.906460904284640e-003	9.000000e+000	-1.977784e-003
6.915238471709523e-003	9.000000e+000	-4.517613e-003
6.924179200644070e-003	9.000000e+000	-6.755687e-003
6.932863331864465e-003	9.000000e+000	-8.474745e-003
6.939010170348210e-003	9.000000e+000	-9.356735e-003
6.942777211906846e-003	9.000000e+000	-9.714987e-003
6.945950989699708e-003	9.000000e+000	-9.895368e-003
6.949022797316596e-003	9.000000e+000	-9.967931e-003
6.952636695429814e-003	9.000000e+000	-9.924446e-003
6.957291486118537e-003	9.000000e+000	-9.655323e-003
6.964832900900856e-003	9.000000e+000	-8.740937e-003
6.976819038138569e-003	9.000000e+000	-6.431438e-003
6.988267623529209e-003	9.000000e+000	-3.503119e-003
6.997639548342130e-003	9.000000e+000	-7.246771e-004
7.006356202780868e-003	9.000000e+000	1.946609e-003
7.015081216322776e-003	9.000000e+000	4.474941e-003
7.024025548481042e-003	9.000000e+000	6.721782e-003
7.032675734450530e-003	9.000000e+000	8.442175e-003
7.038985326831562e-003	9.000000e+000	9.352647e-003
7.042758745536891e-003	9.000000e+000	9.713678e-003
7.045928023610042e-003	9.000000e+000	9.894346e-003
7.049017673582469e-003	9.000000e+000	9.967698e-003
7.052634789507867e-003	9.000000e+000	9.924470e-003
7.057288386773618e-003	9.000000e+000	9.655585e-003
7.064827905027398e-003	9.000000e+000	8.741717e-003
7.076811237842609e-003	9.000000e+000	6.433199e-003
7.088263728828120e-003	9.000000e+000	3.503730e-003
7.097692626851289e-003	9.000000e+000	7.081794e-004
7.106463749847593e-003	9.000000e+000	-1.978630e-003
7.115242791158420e-003	9.000000e+000	-4.518784e-003
7.124183425282843e-003	9.000000e+000	-6.756612e-003
7.132868783816837e-003	9.000000e+000	-8.475659e-003
7.139012277786017e-003	9.000000e+000	-9.356994e-003
7.142778778496570e-003	9.000000e+000	-9.715099e-003
7.145952937977774e-003	9.000000e+000	-9.895453e-003
7.149023232000564e-003	9.000000e+000	-9.967950e-003
7.152636857122426e-003	9.000000e+000	-9.924444e-003
7.157291749057246e-003	9.000000e+000	-9.655301e-003
7.164833324733122e-003	9.000000e+000	-8.740871e-003
7.176819699877953e-003	9.000000e+000	-6.431289e-003
7.188267954012143e-003	9.000000e+000	-3.503041e-003
7.197638255580011e-003	9.000000e+000	-7.250798e-004
7.206353377346510e-003	9.000000e+000	1.945768e-003
7.215076869641433e-003	9.000000e+000	4.473760e-003
7.224021291801703e-003	9.000000e+000	6.720826e-003
7.232671410091271e-003	9.000000e+000	8.441426e-003
7.238984000688614e-003	9.000000e+000	9.352476e-003
7.242757759875696e-003	9.000000e+000	9.713608e-003
7.245926797744715e-003	9.000000e+000	9.894292e-003
7.249017400105974e-003	9.000000e+000	9.967686e-003
7.252634687779882e-003	9.000000e+000	9.924470e-003
7.257288221346889e-003	9.000000e+000	9.655599e-003
7.264827638372741e-003	9.000000e+000	8.741758e-003
7.276810821495730e-003	9.000000e+000	6.433293e-003
7.288263520991462e-003	9.000000e+000	3.503774e-003
7.297694045510627e-003	9.000000e+000	7.077381e-004
7.306466714228839e-003	9.000000e+000	-1.979512e-003
7.315247289208685e-003	9.000000e+000	-4.520002e-003
7.324187824376083e-003	9.000000e+000	-6.757574e-003
7.332874511332595e-003	9.000000e+000	-8.476619e-003
7.339014482937952e-003	9.000000e+000	-9.357264e-003
7.342780417742629e-003	9.000000e+000	-9.715214e-003
7.345954976606973e-003	9.000000e+000	-9.895544e-003
7.349023686846858e-003	9.000000e+000	-9.967971e-003
7.352637026314847e-003	9.000000e+000	-9.924443e-003
7.357292024191827e-003	9.000000e+000	-9.655278e-003
7.364833768223644e-003	9.000000e+000	-8.740801e-003
7.376820392308535e-003	9.000000e+000	-6.431132e-003
7.388268299835341e-003	9.000000e+000	-3.502960e-003
7.397636910860542e-003	9.000000e+000	-7.254987e-004
7.406350436524944e-003	9.000000e+000	1.944893e-003
7.415072344608416e-003	9.000000e+000	4.472531e-003
7.424016860418534e-003	9.000000e+000	6.719831e-003
7.432666908206579e-003	9.000000e+000	8.440646e-003
7.438982643243153e-003	9.000000e+000	9.352301e-003
7.442756750956203e-003	9.000000e+000	9.713536e-003
7.445925542950237e-003	9.000000e+000	9.894235e-003
7.449017120177180e-003	9.000000e+000	9.967673e-003
7.452634583651718e-003	9.000000e+000	9.924471e-003
7.457288052017051e-003	9.000000e+000	9.655613e-003
7.464827365426458e-003	9.000000e+000	8.741802e-003
7.476810395324634e-003	9.000000e+000	6.433390e-003
7.488263308255454e-003	9.000000e+000	3.503819e-003
7.497695525665754e-003	9.000000e+000	7.072777e-004
7.506469803493628e-003	9.000000e+000	-1.980430e-003
7.515251975020854e-003	9.000000e+000	-4.521271e-003
7.524192406907020e-003	9.000000e+000	-6.758575e-003
7.532880527280134e-003	9.000000e+000	-8.477625e-003
7.539016790485804e-003	9.000000e+000	-9.357547e-003
7.542782133128018e-003	9.000000e+000	-9.715335e-003
7.545957109917861e-003	9.000000e+000	-9.895639e-003
7.549024162822238e-003	9.000000e+000	-9.967993e-003
7.552637203366669e-003	9.000000e+000	-9.924441e-003
7.557292312107034e-003	9.000000e+000	-9.655254e-003
7.564834232314945e-003	9.000000e+000	-8.740729e-003
7.576821116901654e-003	9.000000e+000	-6.430968e-003
7.588268661735395e-003	9.000000e+000	-3.502875e-003
7.597635511420513e-003	9.000000e+000	-7.259346e-004
7.606347374246177e-003	9.000000e+000	1.943981e-003
7.615067631871483e-003	9.000000e+000	4.471251e-003
7.624012245146251e-003	9.000000e+000	6.718795e-003
7.632662219413372e-003	9.000000e+000	8.439833e-003
7.638981252219943e-003	9.000000e+000	9.352121e-003
7.642755717087888e-003	9.000000e+000	9.713463e-003
7.645924257123897e-003	9.000000e+000	9.894178e-003
7.649016833327098e-003	9.000000e+000	9.967660e-003
7.652634476948917e-003	9.000000e+000	9.924473e-003
7.657287878500404e-003	9.000000e+000	9.655627e-003
7.664827085731238e-003	9.000000e+000	8.741845e-003
7.676809958615243e-003	9.000000e+000	6.433488e-003
7.688263090264027e-003	9.000000e+000	3.503864e-003
7.697697070389384e-003	9.000000e+000	7.067974e-004
7.706473023976531e-003	9.000000e+000	-1.981388e-003
7.715256858165694e-003	9.000000e+000	-4.522594e-003
7.724197182143357e-003	9.000000e+000	-6.759618e-003
7.732886845006561e-003	9.000000e+000	-8.478683e-003
7.739019205329221e-003	9.000000e+000	-9.357844e-003
7.742783928297988e-003	9.000000e+000	-9.715463e-003
7.745959342442668e-003	9.000000e+000	-9.895737e-003
7.749024660938526e-003	9.000000e+000	-9.968015e-003
7.752637388654250e-003	9.000000e+000	-9.924438e-003
7.757292613414874e-003	9.000000e+000	-9.655228e-003
7.764834717993469e-003	9.000000e+000	-8.740653e-003
7.776821875197202e-003	9.000000e+000	-6.430797e-003
7.788269040483332e-003	9.000000e+000	-3.502786e-003
7.797634054366464e-003	9.000000e+000	-7.263885e-004
7.806344184153996e-003	9.000000e+000	1.943032e-003
7.815062721637388e-003	9.000000e+000	4.469918e-003
7.824007436398153e-003	9.000000e+000	6.717715e-003
7.832657333990342e-003	9.000000e+000	8.438986e-003
7.838979825355264e-003	9.000000e+000	9.351935e-003
7.842754656588846e-003	9.000000e+000	9.713387e-003
7.845922938173676e-003	9.000000e+000	9.894120e-003
7.849016539089145e-003	9.000000e+000	9.967647e-003
7.852634367497917e-003	9.000000e+000	9.924474e-003
7.857287700514703e-003	9.000000e+000	9.655642e-003
7.864826798832113e-003	9.000000e+000	8.741889e-003
7.876809510657126e-003	9.000000e+000	6.433589e-003
7.888262866662920e-003	9.000000e+000	3.503911e-003
7.897698682911096e-003	9.000000e+000	7.062959e-004
7.906476382317665e-003	9.000000e+000	-1.982387e-003
7.915261948666970e-003	9.000000e+000	-4.523972e-003
7.924202159988745e-003	9.000000e+000	-6.760704e-003
7.932893478771784e-003	9.000000e+000	-8.479793e-003
7.939021732721818e-003	9.000000e+000	-9.358155e-003
7.942785807161261e-003	9.000000e+000	-9.715596e-003
7.945961679041151e-003	9.000000e+000	-9.895841e-003
7.949025182280689e-003	9.000000e+000	-9.968039e-003
7.952637582581150e-003	9.000000e+000	-9.924435e-003
7.957292928771599e-003	9.000000e+000	-9.655202e-003
7.964835226316976e-003	9.000000e+000	-8.740574e-003
7.976822668846384e-003	9.000000e+000	-6.430618e-003
7.988269436906007e-003	9.000000e+000	-3.502693e-003
7.997632536686767e-003	9.000000e+000	-7.268614e-004
8.006340859610999e-003	9.000000e+000	1.942042e-003
8.015057603669763e-003	9.000000e+000	4.468527e-003
8.024002424080927e-003	9.000000e+000	6.716589e-003
8.032652241711111e-003	9.000000e+000	8.438101e-003
8.038978360193643e-003	9.000000e+000	9.351743e-003
8.042753567634729e-003	9.000000e+000	9.713310e-003
8.045921583830371e-003	9.000000e+000	9.894059e-003
8.049016236957220e-003	9.000000e+000	9.967633e-003
8.052634255110451e-003	9.000000e+000	9.924476e-003
8.057287517753800e-003	9.000000e+000	9.655657e-003
8.064826504235585e-003	9.000000e+000	8.741936e-003
8.076809050679689e-003	9.000000e+000	6.433693e-003
8.088262637067941e-003	9.000000e+000	3.503959e-003
8.097700366593533e-003	9.000000e+000	7.057723e-004
8.106479885444056e-003	9.000000e+000	-1.983429e-003
8.115267256988065e-003	9.000000e+000	-4.525410e-003
8.124207350610473e-003	9.000000e+000	-6.761835e-003
8.132900443254088e-003	9.000000e+000	-8.480957e-003
8.139024378028530e-003	9.000000e+000	-9.358481e-003
8.142787773709673e-003	9.000000e+000	-9.715735e-003
8.145964124676297e-003	9.000000e+000	-9.895949e-003
8.149025727956810e-003	9.000000e+000	-9.968064e-003
8.152637785559530e-003	9.000000e+000	-9.924432e-003
8.157293258847436e-003	9.000000e+000	-9.655174e-003
8.164835758365741e-003	9.000000e+000	-8.740491e-003
8.176823499535529e-003	9.000000e+000	-6.430430e-003
8.188269851848055e-003	9.000000e+000	-3.502595e-003
8.197630955210313e-003	9.000000e+000	-7.273541e-004
8.206337393650696e-003	9.000000e+000	1.941010e-003
8.215052267234907e-003	9.000000e+000	4.467077e-003
8.223997197777852e-003	9.000000e+000	6.715415e-003
8.232646931902060e-003	9.000000e+000	8.437179e-003
8.238976854239438e-003	9.000000e+000	9.351547e-003
8.242752448371405e-003	9.000000e+000	9.713231e-003
8.245920191787706e-003	9.000000e+000	9.893997e-003
8.249015926416968e-003	9.000000e+000	9.967619e-003
8.252634139595186e-003	9.000000e+000	9.924477e-003
8.257287329906543e-003	9.000000e+000	9.655673e-003
8.264826201440090e-003	9.000000e+000	8.741983e-003
8.276808577899740e-003	9.000000e+000	6.433800e-003
8.288262401088570e-003	9.000000e+000	3.504007e-003
8.297702124965240e-003	9.000000e+000	7.052255e-004
8.306483540612853e-003	9.000000e+000	-1.984516e-003
8.315272794085366e-003	9.000000e+000	-4.526909e-003
8.324212764634539e-003	9.000000e+000	-6.763014e-003
8.332907753888993e-003	9.000000e+000	-8.482179e-003
8.339027146888908e-003	9.000000e+000	-9.358821e-003
8.342789832139617e-003	9.000000e+000	-9.715881e-003
8.345966684565328e-003	9.000000e+000	-9.896061e-003
8.349026299131779e-003	9.000000e+000	-9.968089e-003
8.352637998022675e-003	9.000000e+000	-9.924430e-003
8.357293604346972e-003	9.000000e+000	-9.655145e-003
8.364836315275421e-003	9.000000e+000	-8.740404e-003
8.376824369037398e-003	9.000000e+000	-6.430234e-003
8.388270286197512e-003	9.000000e+000	-3.502492e-003
8.397629306616201e-003	9.000000e+000	-7.278677e-004
8.406333778974063e-003	9.000000e+000	1.939934e-003
8.415046707393693e-003	9.000000e+000	4.465566e-003
8.423991752146316e-003	9.000000e+000	6.714191e-003
8.432641400160850e-003	9.000000e+000	8.436218e-003
8.438975307260043e-003	9.000000e+000	9.351343e-003
8.442751298626750e-003	9.000000e+000	9.713149e-003
8.445918761831320e-003	9.000000e+000	9.893933e-003
8.449015607420708e-003	9.000000e+000	9.967604e-003
8.452634020934383e-003	9.000000e+000	9.924478e-003
8.457287136944092e-003	9.000000e+000	9.655689e-003
8.464825890399126e-003	9.000000e+000	8.742032e-003
8.476808092244605e-003	9.000000e+000	6.433909e-003
8.488262158689071e-003	9.000000e+000	3.504057e-003
8.497703961941263e-003	9.000000e+000	7.046542e-004
8.506487355529873e-003	9.000000e+000	-1.985650e-003
8.515278571424085e-003	9.000000e+000	-4.528474e-003
8.524218413345641e-003	9.000000e+000	-6.764244e-003
8.532915426912433e-003	9.000000e+000	-8.483459e-003
8.539030045263643e-003	9.000000e+000	-9.359177e-003
8.542791986886665e-003	9.000000e+000	-9.716033e-003
8.545969364222743e-003	9.000000e+000	-9.896180e-003
8.549026897036908e-003	9.000000e+000	-9.968116e-003
8.552638220428576e-003	9.000000e+000	-9.924428e-003
8.557293966014963e-003	9.000000e+000	-9.655114e-003
8.564836898246411e-003	9.000000e+000	-8.740312e-003
8.576825279225785e-003	9.000000e+000	-6.430028e-003
8.588270740893224e-003	9.000000e+000	-3.502385e-003
8.597627587539519e-003	9.000000e+000	-7.284034e-004
8.606330008150641e-003	9.000000e+000	1.938786e-003
8.615045068272044e-003	9.000000e+000	4.465102e-003
8.623989886580870e-003	9.000000e+000	6.713765e-003
8.632640143386723e-003	9.000000e+000	8.435985e-003
8.638975293303338e-003	9.000000e+000	9.351331e-003
8.642751288253906e-003	9.000000e+000	9.713148e-003
8.645918748930425e-003	9.000000e+000	9.893932e-003
8.649015604542771e-003	9.000000e+000	9.967604e-003
8.652634019863843e-003	9.000000e+000	9.924478e-003
8.657287135203213e-003	9.000000e+000	9.655690e-003
8.664825887592959e-003	9.000000e+000	8.742032e-003
8.676808087863090e-003	9.000000e+000	6.433911e-003
8.688262156502199e-003	9.000000e+000	3.504041e-003
8.697706031275090e-003	9.000000e+000	7.040118e-004
8.706491416865038e-003	9.000000e+000	-1.986859e-003
8.715284608066351e-003	9.000000e+000	-4.530109e-003
8.724224309554621e-003	9.000000e+000	-6.765526e-003
8.732923478081802e-003	9.000000e+000	-8.484804e-003
8.739033072685566e-003	9.000000e+000	-9.359551e-003
8.742794237608070e-003	9.000000e+000	-9.716192e-003
8.745972163220555e-003	9.000000e+000	-9.896304e-003
8.749027521577664e-003	9.000000e+000	-9.968145e-003
8.752638452742038e-003	9.000000e+000	-9.924425e-003
8.757294343794166e-003	9.000000e+000	-9.655083e-003
8.764837507186363e-003	9.000000e+000	-8.740217e-003
8.776826229956108e-003	9.000000e+000	-6.429813e-003
8.788271215865902e-003	9.000000e+000	-3.502273e-003
8.797625860769267e-003	9.000000e+000	-7.289415e-004
8.806326204471545e-003	9.000000e+000	1.937628e-003
8.815043419900916e-003	9.000000e+000	4.464635e-003
8.823988008623527e-003	9.000000e+000	6.713336e-003
8.832638881048583e-003	9.000000e+000	8.435751e-003
8.838975291032454e-003	9.000000e+000	9.351321e-003
8.842751286566147e-003	9.000000e+000	9.713148e-003
8.845918746831329e-003	9.000000e+000	9.893932e-003
8.849015604074504e-003	9.000000e+000	9.967604e-003
8.852634019689654e-003	9.000000e+000	9.924478e-003
8.857287134919954e-003	9.000000e+000	9.655690e-003
8.864825887136368e-003	9.000000e+000	8.742032e-003
8.876808087150174e-003	9.000000e+000	6.433911e-003
8.888262156146368e-003	9.000000e+000	3.504024e-003
8.897708126235332e-003	9.000000e+000	7.033612e-004
8.906495526826220e-003	9.000000e+000	-1.988082e-003
8.915290716136819e-003	9.000000e+000	-4.531763e-003
8.924230275265647e-003	9.000000e+000	-6.766823e-003
8.932931646292126e-003	9.000000e+000	-8.486167e-003
8.939036140264697e-003	9.000000e+000	-9.359928e-003
8.942796518222104e-003	9.000000e+000	-9.716353e-003
8.945974999378327e-003	9.000000e+000	-9.896429e-003
8.949028154417768e-003	9.000000e+000	-9.968173e-003
8.952638688142412e-003	9.000000e+000	-9.924422e-003
8.957294726593092e-003	9.000000e+000	-9.655050e-003
8.964838124216928e-003	9.000000e+000	-8.740121e-003
8.976827193314843e-003	9.000000e+000	-6.429596e-003
8.988271697172364e-003	9.000000e+000	-3.502158e-003
8.997624113545577e-003	9.000000e+000	-7.294859e-004
9.006322355058605e-003	9.000000e+000	1.936456e-003
9.015041750882236e-003	9.000000e+000	4.464162e-003
9.023986107404956e-003	9.000000e+000	6.712901e-003
9.032637602943809e-003	9.000000e+000	8.435514e-003
9.038975298990865e-003	9.000000e+000	9.351310e-003
9.042751292480965e-003	9.000000e+000	9.713149e-003
9.045918754187697e-003	9.000000e+000	9.893933e-003
9.049015605715567e-003	9.000000e+000	9.967604e-003
9.052634020300101e-003	9.000000e+000	9.924478e-003
9.057287135912641e-003	9.000000e+000	9.655689e-003
9.064825888736505e-003	9.000000e+000	8.742032e-003
9.076808089648608e-003	9.000000e+000	6.433910e-003
9.088262157393372e-003	9.000000e+000	3.504007e-003
9.097710247164740e-003	9.000000e+000	7.027027e-004
9.106499686283066e-003	9.000000e+000	-1.989320e-003
9.115296897028754e-003	9.000000e+000	-4.533436e-003
9.124236311951509e-003	9.000000e+000	-6.768134e-003
9.132939933329354e-003	9.000000e+000	-8.487548e-003
9.139039248666478e-003	9.000000e+000	-9.360310e-003
9.142798829225002e-003	9.000000e+000	-9.716516e-003
9.145977873312606e-003	9.000000e+000	-9.896556e-003
9.149028795695131e-003	9.000000e+000	-9.968203e-003
9.152638926680983e-003	9.000000e+000	-9.924419e-003
9.157295114495145e-003	9.000000e+000	-9.655017e-003
9.164838749472508e-003	9.000000e+000	-8.740024e-003
9.176828169511705e-003	9.000000e+000	-6.429375e-003
9.188272184918316e-003	9.000000e+000	-3.502043e-003
9.197622345371158e-003	9.000000e+000	-7.300369e-004
9.206318458841166e-003	9.000000e+000	1.935270e-003
9.215040060703287e-003	9.000000e+000	4.463682e-003
9.223984182183762e-003	9.000000e+000	6.712461e-003
9.232636308371352e-003	9.000000e+000	8.435274e-003
9.238975316903613e-003	9.000000e+000	9.351302e-003
9.242751305794005e-003	9.000000e+000	9.713150e-003
9.245918770745366e-003	9.000000e+000	9.893934e-003
9.249015609409259e-003	9.000000e+000	9.967605e-003
9.252634021674087e-003	9.000000e+000	9.924478e-003
9.257287138146976e-003	9.000000e+000	9.655689e-003
9.264825892338085e-003	9.000000e+000	8.742031e-003
9.276808095272071e-003	9.000000e+000	6.433909e-003
9.288262160200116e-003	9.000000e+000	3.503989e-003
9.297712394566773e-003	9.000000e+000	7.020360e-004
9.306503896258995e-003	9.000000e+000	-1.990573e-003
9.315303152281523e-003	9.000000e+000	-4.535130e-003
9.324242421074701e-003	9.000000e+000	-6.769461e-003
9.332948341065501e-003	9.000000e+000	-8.488949e-003
9.339042398627139e-003	9.000000e+000	-9.360697e-003
9.342801171165677e-003	9.000000e+000	-9.716682e-003
9.345980785705414e-003	9.000000e+000	-9.896684e-003
9.349029445562282e-003	9.000000e+000	-9.968231e-003
9.352639168414481e-003	9.000000e+000	-9.924416e-003
9.357295507592567e-003	9.000000e+000	-9.654985e-003
9.364839383101767e-003	9.000000e+000	-8.739925e-003
9.376829158778655e-003	9.000000e+000	-6.429152e-003
9.388272679220750e-003	9.000000e+000	-3.501925e-003
9.397620555755952e-003	9.000000e+000	-7.305946e-004
9.406314514752909e-003	9.000000e+000	1.934069e-003
9.415038348856156e-003	9.000000e+000	4.463197e-003
9.423982232524743e-003	9.000000e+000	6.712016e-003
9.432634997137101e-003	9.000000e+000	8.435030e-003
9.438975344839047e-003	9.000000e+000	9.351293e-003
9.442751326556068e-003	9.000000e+000	9.713151e-003
9.445918796567516e-003	9.000000e+000	9.893935e-003
9.449015615169676e-003	9.000000e+000	9.967605e-003
9.452634023816858e-003	9.000000e+000	9.924478e-003
9.457287141631483e-003	9.000000e+000	9.655689e-003
9.464825897954849e-003	9.000000e+000	8.742030e-003
9.476808104042018e-003	9.000000e+000	6.433907e-003
9.488262164577268e-003	9.000000e+000	3.503971e-003
9.497714568995569e-003	9.000000e+000	7.013610e-004
9.506508157829859e-003	9.000000e+000	-1.991840e-003
9.515309483488429e-003	9.000000e+000	-4.536843e-003
9.524248604110722e-003	9.000000e+000	-6.770803e-003
9.532956871360219e-003	9.000000e+000	-8.490371e-003
9.539045590820293e-003	9.000000e+000	-9.361090e-003
9.542803544546548e-003	9.000000e+000	-9.716850e-003
9.545983737180942e-003	9.000000e+000	-9.896815e-003
9.549030104158855e-003	9.000000e+000	-9.968261e-003
9.552639413394836e-003	9.000000e+000	-9.924414e-003
9.557295905969800e-003	9.000000e+000	-9.654951e-003
9.564840025240785e-003	9.000000e+000	-8.739824e-003
9.576830161328010e-003	9.000000e+000	-6.428925e-003
9.588273180186742e-003	9.000000e+000	-3.501807e-003
9.597618744195458e-003	9.000000e+000	-7.311592e-004
9.606310521707578e-003	9.000000e+000	1.932853e-003
9.615036614817921e-003	9.000000e+000	4.462705e-003
9.623980257758541e-003	9.000000e+000	6.711564e-003
9.632633668689170e-003	9.000000e+000	8.434784e-003
9.638975382632673e-003	9.000000e+000	9.351285e-003
9.642751354644904e-003	9.000000e+000	9.713152e-003
9.645918831502108e-003	9.000000e+000	9.893936e-003
9.649015622962902e-003	9.000000e+000	9.967605e-003
9.652634026715797e-003	9.000000e+000	9.924478e-003
9.657287146345644e-003	9.000000e+000	9.655689e-003
9.664825905553726e-003	9.000000e+000	8.742029e-003
9.676808115906811e-003	9.000000e+000	6.433904e-003
9.688262170499139e-003	9.000000e+000	3.503951e-003
9.697716770975697e-003	9.000000e+000	7.006773e-004
9.706512472045348e-003	9.000000e+000	-1.993124e-003
9.715315892220177e-003	9.000000e+000	-4.538578e-003
9.724254862747056e-003	9.000000e+000	-6.772161e-003
9.732965526354767e-003	9.000000e+000	-8.491812e-003
9.739048826082373e-003	9.000000e+000	-9.361489e-003
9.742805949991145e-003	9.000000e+000	-9.717020e-003
9.745986728513963e-003	9.000000e+000	-9.896946e-003
9.749030771658113e-003	9.000000e+000	-9.968291e-003
9.752639661686486e-003	9.000000e+000	-9.924411e-003
9.757296309731626e-003	9.000000e+000	-9.654917e-003
9.764840676058434e-003	9.000000e+000	-8.739723e-003
9.776831177423277e-003	9.000000e+000	-6.428696e-003
9.788273687949054e-003	9.000000e+000	-3.501686e-003
9.797616910206020e-003	9.000000e+000	-7.317310e-004
9.806307860801382e-003	9.000000e+000	1.932037e-003
9.815036212516557e-003	9.000000e+000	4.462577e-003
9.823979817385474e-003	9.000000e+000	6.711458e-003
9.832633720779553e-003	9.000000e+000	8.434784e-003
9.838975571922268e-003	9.000000e+000	9.351306e-003
9.842751495328083e-003	9.000000e+000	9.713163e-003
9.845919006472276e-003	9.000000e+000	9.893944e-003
9.849015661995350e-003	9.000000e+000	9.967607e-003
9.852634041235162e-003	9.000000e+000	9.924478e-003
9.857287169956579e-003	9.000000e+000	9.655687e-003
9.864825943612786e-003	9.000000e+000	8.742023e-003
9.876808175331750e-003	9.000000e+000	6.433891e-003
9.888262200158950e-003	9.000000e+000	3.503925e-003
9.897719038210131e-003	9.000000e+000	6.999735e-004
9.906516893521671e-003	9.000000e+000	-1.994440e-003
9.915322449767471e-003	9.000000e+000	-4.540354e-003
9.924261266084746e-003	9.000000e+000	-6.773550e-003
9.932974407700227e-003	9.000000e+000	-8.493291e-003
9.939052140729104e-003	9.000000e+000	-9.361897e-003
9.942808414502921e-003	9.000000e+000	-9.717193e-003
9.945989793284177e-003	9.000000e+000	-9.897080e-003
9.949031455553708e-003	9.000000e+000	-9.968323e-003
9.952639916076849e-003	9.000000e+000	-9.924407e-003
9.957296723410832e-003	9.000000e+000	-9.654882e-003
9.964841342860997e-003	9.000000e+000	-8.739619e-003
9.976832218471246e-003	9.000000e+000	-6.428461e-003
9.988274208209479e-003	9.000000e+000	-3.501460e-003
9.997627822317267e-003	9.000000e+000	-7.365263e-004
1.000000000000000e-002	-1.#IND00e+000	-1.#IND00e+000
